yy = sqrt(3)/2;
points =   [0 0;
            1 0;
            2 0;
            3 0;
           0.5 yy;
           1.5 yy;
           2.5 yy;
           3.5 yy;
           1 2*yy;
           2 2*yy;
           3 2*yy;
           4 2*yy;
           1.5 3*yy;
           2.5 3*yy;
           3.5 3*yy;
           4.5 3*yy];