
    STEP   DAMPING               NORMS              COMPUTATION TIMES
  IT SIT     GAMMA     ||d||     ||f||     ||U||   F(x)  DF(x)  SOLVE
   0                          5.11e-04  6.48e-01    0.0    0.0    0.0
   1   2  5.00e-01  6.09e-02  3.05e-04  6.48e-01    0.0    0.0    0.0
   2   2  5.00e-01  3.21e-02  1.75e-04  6.49e-01    0.0    0.0    0.0
   3   3  2.50e-01  3.54e-02  1.41e-04  6.49e-01    0.0    0.0    0.0
   4   1  1.00e+00  2.11e-02  1.38e-04  6.49e-01    0.0    0.0    0.0
   5   2  5.00e-01  4.44e-02  1.21e-04  6.50e-01    0.0    0.0    0.0
   6   1  1.00e+00  1.11e-02  2.51e-05  6.51e-01    0.0    0.0    0.0
   7   4  1.25e-01  4.44e-02  2.56e-05  6.51e-01    0.0    0.0    0.0
   8   4  1.25e-01  3.54e-02  2.50e-05  6.51e-01    0.0    0.0    0.0
   9   4  1.25e-01  3.18e-02  2.41e-05  6.52e-01    0.0    0.0    0.0
  10   4  1.25e-01  2.93e-02  2.30e-05  6.52e-01    0.0    0.0    0.0
  11   4  1.25e-01  2.74e-02  2.19e-05  6.52e-01    0.0    0.0    0.0
  12   4  1.25e-01  2.58e-02  2.07e-05  6.53e-01    0.0    0.0    0.0
  13   4  1.25e-01  2.43e-02  1.95e-05  6.53e-01    0.0    0.0    0.0
  14   4  1.25e-01  2.29e-02  1.83e-05  6.53e-01    0.0    0.0    0.0
  15   3  2.50e-01  2.16e-02  1.83e-05  6.54e-01    0.0    0.0    0.0
  16   3  2.50e-01  1.75e-02  1.68e-05  6.54e-01    0.0    0.0    0.0
  17   3  2.50e-01  1.52e-02  1.49e-05  6.54e-01    0.0    0.0    0.0
  18   2  5.00e-01  1.32e-02  1.46e-05  6.55e-01    0.0    0.0    0.0
  19   1  1.00e+00  8.61e-03  1.23e-05  6.56e-01    0.0    0.0    0.0
  20   1  1.00e+00  3.07e-03  1.62e-06  6.56e-01    0.0    0.0    0.0
  21   1  1.00e+00  1.42e-03  3.34e-07  6.56e-01    0.0    0.0    0.0
  22   1  1.00e+00  7.73e-05  1.02e-09  6.56e-01    0.0    0.0    0.0
  23   1  1.00e+00  1.04e-06  1.78e-13  6.56e-01    0.0    0.0    0.0
  24   1  1.00e+00  3.53e-11  4.68e-18  6.56e-01    0.0    0.0    0.0

 STEP      TIME        ||U||  LABEL  TYPE             b            t
    0  00:00:00   6.5645e-01      1  EP      3.1416e-01   2.5133e-02
   33  00:00:00   6.2360e-01      2  UZ      2.9845e-01   2.5133e-02
  634  00:00:03   3.8481e-02      3  SN      1.8239e-02   2.5133e-02
  634  00:00:03   3.8462e-02      4  FP      1.8229e-02   2.5133e-02
  651  00:00:03   4.8127e-02      5  SN      2.3603e-02   2.5133e-02
  651  00:00:03   4.8127e-02      6  BP      2.3603e-02   2.5133e-02
  757  00:00:04   1.4576e-01      7  BP      6.8878e-02   2.5133e-02
  757  00:00:04   1.4576e-01      8  SN      6.8878e-02   2.5133e-02
 1248  00:00:07   6.3460e-01      9  UZ      2.9845e-01   2.5133e-02
 1950  00:00:11   1.3363e+00     10  EP      6.2832e-01   2.5133e-02

 STEP      TIME        ||U||  LABEL  TYPE             b            t
    0  00:00:11   6.5645e-01     11  EP      3.1416e-01   2.5133e-02
  657  00:00:15   1.3132e+00     12  EP      6.2832e-01   2.5133e-02
