
    STEP   DAMPING               NORMS              COMPUTATION TIMES
  IT SIT     GAMMA     ||d||     ||f||     ||U||   F(x)  DF(x)  SOLVE
   0                          3.49e-04  6.48e-01    0.0    0.0    0.0
   1   4  1.25e-01  1.28e-01  3.11e-04  6.48e-01    0.0    0.0    0.0
   2   1  1.00e+00  1.92e-02  1.29e-04  6.50e-01    0.0    0.0    0.0
   3   1  1.00e+00  3.33e-03  1.78e-05  6.49e-01    0.0    0.0    0.0
   4   2  5.00e-01  5.30e-03  1.39e-05  6.49e-01    0.0    0.0    0.0
   5   1  1.00e+00  3.37e-03  9.10e-06  6.49e-01    0.0    0.0    0.0
   6   1  1.00e+00  2.72e-03  1.97e-06  6.49e-01    0.0    0.0    0.0
   7   4  1.25e-01  9.50e-02  2.58e-05  6.49e-01    0.0    0.0    0.0
   8   1  1.00e+00  1.93e-04  4.45e-08  6.49e-01    0.0    0.0    0.0
   9   1  1.00e+00  2.92e-04  1.62e-08  6.49e-01    0.0    0.0    0.0
  10   1  1.00e+00  6.48e-06  7.19e-12  6.49e-01    0.0    0.0    0.0
  11   1  1.00e+00  4.82e-08  3.96e-16  6.49e-01    0.0    0.0    0.0

 STEP      TIME        ||U||  LABEL  TYPE             b            t
    0  00:00:00   6.4925e-01      1  EP      3.1416e-01   1.2566e-02
  557  00:00:03   9.4981e-02      2  SN      4.5924e-02   1.2566e-02
  557  00:00:03   9.4878e-02      3  FP      4.5872e-02   1.2566e-02
 1120  00:00:08   6.5406e-01      4  UZ      3.1416e-01   1.2566e-02
 1775  00:00:12   1.3085e+00      5  EP      6.2832e-01   1.2566e-02

 STEP      TIME        ||U||  LABEL  TYPE             b            t
    0  00:00:12   6.4925e-01      6  EP      3.1416e-01   1.2566e-02
    1  00:00:12   6.4925e-01      7  UZ      3.1416e-01   1.2566e-02
  650  00:00:16   1.2985e+00      8  EP      6.2832e-01   1.2566e-02
