
    STEP   DAMPING               NORMS              COMPUTATION TIMES
  IT SIT     GAMMA     ||d||     ||f||     ||U||   F(x)  DF(x)  SOLVE
   0                          2.01e-03  5.78e-01    0.0    0.0    0.0
   1   1  1.00e+00  2.31e-02  2.32e-04  5.68e-01    0.0    0.0    0.0
   2   1  1.00e+00  8.44e-03  8.79e-06  5.67e-01    0.0    0.0    0.0
   3   4  1.25e-01  3.11e-02  9.40e-06  5.67e-01    0.0    0.0    0.0
   4   4  1.25e-01  2.79e-02  9.62e-06  5.67e-01    0.0    0.0    0.0
   5   4  1.25e-01  2.54e-02  9.59e-06  5.67e-01    0.0    0.0    0.0
   6   4  1.25e-01  2.34e-02  9.39e-06  5.67e-01    0.0    0.0    0.0
   7   4  1.25e-01  2.17e-02  9.08e-06  5.67e-01    0.0    0.0    0.0
   8   4  1.25e-01  2.02e-02  8.70e-06  5.67e-01    0.0    0.0    0.0
   9   4  1.25e-01  1.89e-02  8.27e-06  5.67e-01    0.0    0.0    0.0
  10   4  1.25e-01  1.76e-02  7.81e-06  5.67e-01    0.0    0.0    0.0
  11   4  1.25e-01  1.65e-02  7.33e-06  5.67e-01    0.0    0.0    0.0
  12   3  2.50e-01  1.54e-02  7.25e-06  5.67e-01    0.0    0.0    0.0
  13   3  2.50e-01  1.28e-02  6.66e-06  5.67e-01    0.0    0.0    0.0
  14   3  2.50e-01  1.09e-02  5.88e-06  5.67e-01    0.0    0.0    0.0
  15   2  5.00e-01  9.32e-03  5.53e-06  5.67e-01    0.0    0.0    0.0
  16   1  1.00e+00  6.06e-03  4.38e-06  5.67e-01    0.0    0.0    0.0
  17   1  1.00e+00  1.64e-03  3.17e-07  5.67e-01    0.0    0.0    0.0
  18   1  1.00e+00  4.11e-04  2.01e-08  5.67e-01    0.0    0.0    0.0
  19   1  1.00e+00  8.12e-06  7.76e-12  5.67e-01    0.0    0.0    0.0
  20   1  1.00e+00  9.53e-09  1.12e-17  5.67e-01    0.0    0.0    0.0

 STEP      TIME        ||U||  LABEL  TYPE             b            t
    0  00:00:00   5.6670e-01      1  EP      3.1416e-01   3.1416e-02
  450  00:00:01   1.3068e-01      2  SN      7.2648e-02   3.1416e-02
  450  00:00:01   1.2608e-01      3  FP      7.0062e-02   3.1416e-02
  897  00:00:03   5.6220e-01      4  UZ      3.1416e-01   3.1416e-02
 1460  00:00:05   1.1242e+00      5  EP      6.2832e-01   3.1416e-02

 STEP      TIME        ||U||  LABEL  TYPE             b            t
    0  00:00:05   5.6670e-01      6  EP      3.1416e-01   3.1416e-02
    1  00:00:05   5.6670e-01      7  UZ      3.1416e-01   3.1416e-02
  568  00:00:09   1.1335e+00      8  EP      6.2832e-01   3.1416e-02
